   3.8486207e+00
   3.8270294e+00
   2.2283441e+00
   3.9429900e+00
   4.0838666e+00
   2.4842360e+00
   3.3640858e+00
   3.8702356e+00
   3.4142558e+00
   2.9856801e+00
   4.2073896e+00
   3.8596051e+00
   3.2505442e+00
   3.3630856e+00
   3.7340135e+00
   3.2856020e+00
   3.7275645e+00
   4.2821815e+00
   4.1304045e+00
   3.5607928e+00
   3.7220503e+00
   3.2776298e+00
   3.0171921e+00
   3.3466401e+00
   3.6007662e+00
   3.4270513e+00
   4.2826935e+00
   3.2800336e+00
   3.5038875e+00
   3.9090790e+00
   3.4148231e+00
   4.4677059e+00
   3.5701208e+00
   3.3262336e+00
   4.0337559e+00
   3.7667863e+00
   3.2776298e+00
   3.8036936e+00
   3.2776298e+00
   3.2377089e+00
   3.7220503e+00
   3.7644958e+00
   3.8544964e+00
   3.2377089e+00
   2.7792333e+00
   3.6388706e+00
   3.6388706e+00
   3.2800336e+00
   3.3630856e+00
   3.6771085e+00
   4.3100199e+00
   3.7508620e+00
   2.5746012e+00
   2.7877282e+00
   2.9243331e+00
   3.6957457e+00
   3.5613097e+00
   3.9424430e+00
   3.5777088e+00
   3.6388706e+00
   4.2991579e+00
   2.3787679e+00
   2.8284271e+00
   2.2283441e+00
   3.1712999e+00
   2.9471536e+00
   3.4038518e+00
   4.1688500e+00
   2.1380899e+00
   2.8685487e+00
   3.2800336e+00
   2.9243331e+00
   3.1513544e+00
   3.5233213e+00
   2.7981757e+00
   2.7937212e+00
   3.6425668e+00
   3.4038518e+00
   3.8247315e+00
   3.8840332e+00
   3.2966535e+00
   3.8444325e+00
   2.8767798e+00
   2.8965918e+00
   4.1509962e+00
   3.6095112e+00
   3.9012193e+00
   3.1948234e+00
   3.8840332e+00
   3.5456210e+00
   3.5622542e+00
   3.5060923e+00
   3.7220503e+00
   2.7792333e+00
   3.4805582e+00
   3.6007662e+00
   2.3787679e+00
   2.2424476e+00
   3.8656689e+00
   3.9509184e+00
   3.8247315e+00
   4.3280142e+00
   2.8767798e+00
   3.7508620e+00
   3.7006642e+00
   2.8627123e+00
   2.1655612e+00
   2.9243331e+00
   3.8237010e+00
   3.9713258e+00
   3.1513544e+00
   3.6765801e+00
   3.7911583e+00
   3.0603682e+00
   2.9856801e+00
   3.7586779e+00
   3.0625660e+00
   3.8596051e+00
   3.1574089e+00
   3.4906468e+00
   3.1148239e+00
   3.0603682e+00
   3.2460107e+00
   2.1655612e+00
   3.4499912e+00
   3.6722901e+00
   3.6669890e+00
   2.5188941e+00
   3.6410360e+00
   3.5233213e+00
   3.8698837e+00
   3.3537330e+00
   4.0167716e+00
   4.2496360e+00
   2.7623847e+00
   3.7076244e+00
   4.1326325e+00
   3.2889058e+00
   4.0209975e+00
   3.5365297e+00
   3.5682481e+00
   3.5431407e+00
   3.9289464e+00
   3.0094192e+00
   4.0153551e+00
   3.0317469e+00
   3.8856906e+00
   2.8685487e+00
   3.2425739e+00
   4.0000000e+00
   3.9004965e+00
   4.2482938e+00
   3.9300820e+00
   4.4765616e+00
   4.0140598e+00
   3.9661489e+00
   3.4729726e+00
   3.1081148e+00
   3.4270513e+00
   3.5007598e+00
   4.0000000e+00
   2.4842360e+00
   3.0983867e+00
   2.5746012e+00
   3.9810874e+00
   3.3005480e+00
   3.6410360e+00
   2.3488809e+00
   3.6156840e+00
   3.7220503e+00
   4.1905818e+00
   4.0212203e+00
   4.0980353e+00
   3.2101534e+00
   3.9636906e+00
   3.3194680e+00
   3.6467384e+00
   4.5426329e+00
   3.6289435e+00
   3.5007598e+00
   3.7061906e+00
   2.3421602e+00
   4.0633285e+00
   4.2676417e+00
   3.3123147e+00
   4.1871130e+00
   3.3929626e+00
   4.0169134e+00
   3.9012193e+00
   3.1072773e+00
   4.5474438e+00
   3.8596051e+00
   4.2669540e+00
   3.7508620e+00
   4.2345052e+00
   3.2021120e+00
   3.9535768e+00
   3.8254603e+00
   2.7792333e+00
   4.1679046e+00
   3.9133471e+00
   3.9133471e+00
   2.7792333e+00
   4.3311223e+00
   3.6669890e+00
   3.4475664e+00
   4.0963994e+00
   3.8596051e+00
   3.5338088e+00
   3.9261475e+00
   4.0848151e+00
   3.4215957e+00
   3.4270513e+00
   3.1072773e+00
   4.0567404e+00
   4.4392924e+00
   3.4805582e+00
   3.4441354e+00
   4.6088371e+00
   4.6977618e+00
   4.3051891e+00
   4.1217428e+00
   3.7481703e+00
   3.6410360e+00
   3.9509184e+00
   2.9243331e+00
   3.6957457e+00
   3.6388706e+00
   4.2137985e+00
   2.9300795e+00
   2.8284271e+00
   3.1712999e+00
   2.9471536e+00
   3.2377089e+00
   3.5060923e+00
   3.7220503e+00
   2.7792333e+00
   3.4805582e+00
   3.6007662e+00
   4.1152236e+00
   3.8002051e+00
   4.3872001e+00
   3.6458617e+00
   3.7732331e+00
   3.5249868e+00
   4.3722858e+00
   2.9081167e+00
   4.0747728e+00
   3.4270513e+00
   2.8284271e+00
   4.5692504e+00
   3.4805582e+00
   2.8284271e+00
   4.0842198e+00
   4.2875376e+00
   4.1299641e+00
   4.4126747e+00
   3.1948234e+00
   2.6186147e+00
   3.7220503e+00
   3.1948234e+00
   3.8840332e+00
   2.9856801e+00
   3.0612789e+00
   3.7032804e+00
   3.6957457e+00
   3.5777088e+00
   4.0000000e+00
   3.5510800e+00
   3.6452895e+00
   3.4215957e+00
   3.9379807e+00
   2.8767798e+00
   4.4336377e+00
   3.9713258e+00
   3.7874566e+00
   3.0625660e+00
   4.1021441e+00
   3.0808319e+00
   3.6119460e+00
   3.2425739e+00
   4.1050047e+00
   4.3073416e+00
   4.0000000e+00
   3.1350553e+00
   3.4475664e+00
   3.1948234e+00
   3.1948234e+00
   3.0612789e+00
   3.8106441e+00
   3.2709013e+00
   3.8159924e+00
   3.6458617e+00
   3.4013572e+00
   4.0610722e+00
   2.7585786e+00
   3.5729480e+00
   2.8767798e+00
   3.7340135e+00
   3.1948234e+00
   3.4839534e+00
   3.6007662e+00
   3.5777088e+00
   2.5746012e+00
   3.3640858e+00
   3.5132403e+00
   3.9653673e+00
   3.9713258e+00
   4.1126981e+00
   3.8254603e+00
   3.0625660e+00
   4.0000000e+00
   4.0848151e+00
   4.2669540e+00
   3.4576084e+00
   3.5082321e+00
   3.7923637e+00
   4.1447494e+00
   3.9270455e+00
   4.0000000e+00
   3.5319366e+00
   4.0698133e+00
   3.7340135e+00
   4.3117919e+00
   3.7874566e+00
   2.9081167e+00
   4.2875376e+00
   3.9424430e+00
   3.8565839e+00
   3.9223227e+00
   4.0516150e+00
   3.2460107e+00
   3.5132403e+00
   3.1234752e+00
   4.1201468e+00
   2.8767798e+00
   3.0983867e+00
   3.5338088e+00
   3.9758306e+00
   3.6445876e+00
   3.4215957e+00
   3.7644958e+00
   3.0625660e+00
   4.2368880e+00
   4.3293022e+00
   4.2784442e+00
   3.6238206e+00
   3.0612789e+00
   4.0212203e+00
   3.1712999e+00
   4.4256307e+00
   4.6598590e+00
   3.7874566e+00
   3.7032804e+00
   2.6132869e+00
   4.1201468e+00
   2.5730701e+00
   3.6410360e+00
   3.0171921e+00
   2.3310861e+00
   4.1871130e+00
   3.8066476e+00
   4.3728653e+00
   3.6202739e+00
   2.4068867e+00
   4.1999704e+00
   4.0197532e+00
   3.8002051e+00
   4.3872001e+00
   3.9379807e+00
   4.1790895e+00
   3.6458617e+00
   3.8969784e+00
   3.4517957e+00
   4.1520401e+00
   3.4270513e+00
   4.3073416e+00
   3.4781548e+00
   2.5188941e+00
   3.6957457e+00
   3.9139684e+00
   4.0842198e+00
   4.2875376e+00
   4.3783343e+00
   2.2894059e+00
   2.9081167e+00
   3.2425739e+00
   3.8596051e+00
   3.9847036e+00
   4.0870527e+00
   4.0888997e+00
   4.1485038e+00
   3.4710507e+00
   3.9477102e+00
   3.5948681e+00
   4.1004340e+00
   2.5746012e+00
   3.1689988e+00
   3.9356526e+00
   2.7044936e+00
   2.8685487e+00
   4.0698133e+00
   2.8627123e+00
   2.9856801e+00
   2.0341905e+00
   2.5188941e+00
   3.2759285e+00
   3.1853322e+00
   3.5490484e+00
   3.6857707e+00
   4.0000000e+00
   3.6794648e+00
   4.1481981e+00
   3.1712999e+00
   2.2283441e+00
   2.9711254e+00
   2.6781363e+00
   4.2223893e+00
   3.9755349e+00
   3.2425739e+00
   4.2073896e+00
   4.3293022e+00
   3.5622542e+00
   4.0343354e+00
   3.0873799e+00
   3.6119460e+00
   3.3005480e+00
   4.0000000e+00
   3.1948234e+00
   3.0612789e+00
   4.4172610e+00
   4.1688500e+00
   3.3630856e+00
   3.9304295e+00
   3.7911583e+00
   3.1513544e+00
   3.3466401e+00
   3.2800336e+00
   3.2702809e+00
   3.2709013e+00
   3.8159924e+00
   3.6458617e+00
   4.2459591e+00
   3.3517223e+00
   3.5729480e+00
   3.7812527e+00
   2.8767798e+00
   3.5456210e+00
   3.1948234e+00
   3.6388706e+00
   3.6007662e+00
   3.6410360e+00
   3.3123147e+00
   3.2071349e+00
   4.6858774e+00
   4.0567404e+00
   2.3421602e+00
   3.6437063e+00
   3.5729480e+00
   2.8767798e+00
   3.4038518e+00
   3.0171921e+00
   2.9711254e+00
   3.7139068e+00
   3.3734673e+00
   2.9687639e+00
   4.3817805e+00
   3.9289464e+00
   3.4749779e+00
   3.7812527e+00
   3.6722901e+00
   4.0423292e+00
   3.9713258e+00
   3.5777088e+00
   4.1256850e+00
   3.6765801e+00
   3.5622542e+00
   3.6369936e+00
   3.7388431e+00
   3.6719404e+00
   3.8023455e+00
   3.2101534e+00
   3.5840020e+00
   3.1461572e+00
   3.6289435e+00
   3.8679502e+00
   4.1529210e+00
   3.6029338e+00
   3.5890606e+00
   2.8685487e+00
   3.5181470e+00
   3.2485676e+00
   3.3517223e+00
   4.3252390e+00
   3.4270513e+00
   3.0603682e+00
   4.1333698e+00
   3.0171921e+00
   3.6794648e+00
   2.9842353e+00
   2.7464262e+00
   3.8656689e+00
   3.6957457e+00
   2.7291530e+00
   3.2776298e+00
   3.8544964e+00
   3.7874566e+00
   3.0625660e+00
   3.7508620e+00
   3.3806170e+00
   2.8284271e+00
   3.6410360e+00
   3.6007662e+00
   4.1126981e+00
   3.7741095e+00
   3.9304295e+00
   4.0683810e+00
   3.1323028e+00
   2.6132869e+00
   3.7481703e+00
   4.2381911e+00
   4.0000000e+00
   3.1948234e+00
   3.7481703e+00
   3.4805582e+00
   3.4475664e+00
   3.5777088e+00
   3.8544964e+00
   4.5756060e+00
   3.2800336e+00
   4.2669540e+00
   4.5856920e+00
   3.9195449e+00
   2.7174649e+00
   3.5669163e+00
   3.8138504e+00
   3.1689988e+00
   3.3949114e+00
   2.4377976e+00
   3.4839534e+00
   3.9139684e+00
   3.5132403e+00
   3.7508620e+00
   3.8656689e+00
   3.5132403e+00
   3.0625660e+00
   3.3218192e+00
   3.7874566e+00
   4.0484866e+00
   2.7585786e+00
   2.9631888e+00
   4.1201468e+00
   2.3488809e+00
   3.6410360e+00
   3.4038518e+00
   4.1437582e+00
   3.7874566e+00
   3.7340135e+00
   3.4839534e+00
   4.0913929e+00
   3.8168601e+00
   4.1548957e+00
   3.6627018e+00
   3.8947184e+00
   2.4377976e+00
   3.2776298e+00
   4.3273845e+00
   4.1248133e+00
   4.1657948e+00
   3.3262336e+00
   2.4377976e+00
   2.7792333e+00
   3.0612789e+00
   4.3280142e+00
   3.6388706e+00
   3.9713258e+00
   4.0848151e+00
   3.9755349e+00
   3.9424430e+00
   2.4377976e+00
   3.6238206e+00
   2.8284271e+00
   2.9471536e+00
   3.5233213e+00
   3.3649780e+00
   3.8679502e+00
   3.2312038e+00
   3.2966535e+00
   3.8590553e+00
   2.3787679e+00
   3.5701208e+00
   3.3640858e+00
   3.5777088e+00
   3.0983867e+00
   3.7481703e+00
   3.4038518e+00
   3.0171921e+00
   3.1072773e+00
   4.5194615e+00
   3.4038518e+00
   3.5233213e+00
   3.3140686e+00
   4.0306518e+00
   2.7291530e+00
   3.6722901e+00
   3.7220503e+00
   3.8951783e+00
   3.4839534e+00
   4.0000000e+00
   4.0848151e+00
   3.5233213e+00
   3.6388706e+00
   3.1563055e+00
   3.4091995e+00
   4.3378452e+00
   3.8254603e+00
   4.2598523e+00
   3.4839534e+00
   3.1072773e+00
   4.0243163e+00
   2.5756837e+00
   2.3904572e+00
   2.5298221e+00
   3.1712999e+00
   4.4050261e+00
   3.4142558e+00
   2.7792333e+00
   3.7874566e+00
   2.5730701e+00
   3.6388706e+00
   3.1513544e+00
   4.3556203e+00
   3.3959487e+00
   4.0446941e+00
   2.9458388e+00
   4.3603884e+00
   4.2112872e+00
   2.1908902e+00
   3.8749690e+00
   3.0837370e+00
   4.4559423e+00
   4.4652504e+00
   4.0672316e+00
   2.3904572e+00
   3.8481828e+00
   4.0848151e+00
   3.1350553e+00
   4.4652504e+00
   2.5188941e+00
   3.8481828e+00
   2.8284271e+00
   3.9424430e+00
   2.9711254e+00
   3.8840332e+00
   3.8237010e+00
   4.2991579e+00
   3.7122799e+00
   3.1388902e+00
   2.6296871e+00
   3.6470817e+00
   4.1267061e+00
   3.2889058e+00
   3.4906468e+00
   3.4966291e+00
   3.8856906e+00
   3.7865106e+00
   3.8270294e+00
   3.9691115e+00
   3.3140686e+00
   2.8965918e+00
   3.6266434e+00
   4.0836327e+00
   3.8851434e+00
   3.5490484e+00
   4.2535053e+00
   3.0396442e+00
   3.5309393e+00
   3.2966535e+00
   4.1004340e+00
   3.5007598e+00
   3.7032804e+00
   3.8656689e+00
   2.6186147e+00
   3.7220503e+00
   3.1948234e+00
   3.9147543e+00
   4.3663967e+00
   3.0947479e+00
   4.0771775e+00
   4.1152236e+00
   4.0644164e+00
   3.8089992e+00
   4.1655867e+00
   3.4091995e+00
   3.3262336e+00
   4.1805410e+00
   3.8656689e+00
   2.9300795e+00
   3.4270513e+00
   3.8481828e+00
   3.3349590e+00
   3.9429900e+00
   3.7359666e+00
   3.3640858e+00
   4.0188236e+00
   3.3218192e+00
   3.3806170e+00
   3.2722610e+00
   3.8444325e+00
   3.9620845e+00
   3.4805582e+00
   2.7792333e+00
   4.0484866e+00
   4.1679046e+00
   2.7792333e+00
   4.2018059e+00
   4.3311223e+00
   4.0335670e+00
   4.0516150e+00
   3.2460107e+00
   3.1234752e+00
   2.8767798e+00
   3.0983867e+00
   4.2203460e+00
   3.5060923e+00
   3.5338088e+00
   3.0396442e+00
   3.5309393e+00
   3.2966535e+00
   4.1004340e+00
   3.5007598e+00
   3.7032804e+00
   3.8656689e+00
   3.3185821e+00
   3.1181849e+00
   3.1148239e+00
   3.5729480e+00
   3.1350553e+00
   4.0000000e+00
   3.6692526e+00
   4.0963994e+00
   3.4441354e+00
   3.4038518e+00
   3.1513544e+00
   3.7644958e+00
   3.3005480e+00
   2.9471536e+00
   2.8284271e+00
   4.1509962e+00
   3.8702356e+00
   2.9243331e+00
   3.1948234e+00
   3.1712999e+00
   3.6692526e+00
   3.8840332e+00
   3.3919932e+00
   4.2063560e+00
   3.5894582e+00
   3.6181361e+00
   3.8149989e+00
   4.4052174e+00
   3.7227886e+00
   4.2466338e+00
   3.3055755e+00
   4.0000000e+00
   3.7911583e+00
   3.8656689e+00
   2.7877282e+00
   3.9620845e+00
   3.5338088e+00
   3.5132403e+00
   2.9081167e+00
   3.6692526e+00
   3.8254603e+00
   3.0625660e+00
   3.6765801e+00
   3.5777088e+00
   3.5490484e+00
   3.9356526e+00
   3.8921634e+00
   3.8508789e+00
   3.5233213e+00
   3.8691468e+00
   4.0644164e+00
   3.6627018e+00
   4.4077853e+00
   3.8761308e+00
   3.6171967e+00
   3.7205775e+00
   3.1378582e+00
   4.0644164e+00
   4.0912665e+00
   4.0974056e+00
   3.4933351e+00
   2.7937212e+00
   4.1655867e+00
   2.8627123e+00
   3.5456210e+00
   3.2800336e+00
   4.3437224e+00
   4.1256850e+00
   3.6156840e+00
   3.7139068e+00
   2.9711254e+00
   4.2736578e+00
   2.6781363e+00
   3.8840332e+00
   4.2223893e+00
   3.7998716e+00
   2.9070095e+00
   3.1378582e+00
   4.2775027e+00
   3.8544964e+00
   3.7312301e+00
   3.9535768e+00
   3.8430757e+00
   4.0842198e+00
   3.4517957e+00
   3.3218192e+00
   3.0625660e+00
   3.8840332e+00
   3.5395341e+00
   2.4987802e+00
   3.7127638e+00
   3.4021270e+00
   4.4467499e+00
   2.4068867e+00
   4.0284701e+00
   2.7291530e+00
   3.9786665e+00
   4.2381911e+00
   4.1126981e+00
   4.0000000e+00
   3.7874566e+00
   4.3311223e+00
   3.8237010e+00
   3.4373514e+00
   3.6822985e+00
   2.8627123e+00
   2.8965918e+00
   2.7877282e+00
   3.0171921e+00
   3.0171921e+00
   2.7792333e+00
   2.7291530e+00
   3.5233213e+00
   2.6503566e+00
   3.8264225e+00
   3.2460107e+00
   3.5338088e+00
   3.4038518e+00
   3.7032804e+00
   3.5233213e+00
   3.9133471e+00
   3.4441354e+00
   4.1708480e+00
   4.1039134e+00
   3.2746609e+00
   3.8900553e+00
   3.4067042e+00
   3.8270294e+00
   4.4124686e+00
   3.3005480e+00
   3.3055755e+00
   4.2073896e+00
   4.3951192e+00
   3.9572180e+00
   3.9139684e+00
   3.9133471e+00
   3.7621598e+00
   4.2137985e+00
   3.4038518e+00
   3.5622542e+00
   3.8951783e+00
   2.8284271e+00
   3.7359666e+00
   3.8702356e+00
   3.5249868e+00
   2.8685487e+00
   2.8284271e+00
   3.2377089e+00
   3.5060923e+00
   3.4781548e+00
   3.0237158e+00
   2.8284271e+00
   3.7481703e+00
   3.2071349e+00
   4.0848151e+00
   4.1356315e+00
   3.8951783e+00
   3.8419479e+00
   3.2460107e+00
   3.1545554e+00
   3.0603682e+00
   2.9856801e+00
   2.9243331e+00
   4.0484866e+00
   3.0171921e+00
   3.9133471e+00
   3.3385727e+00
   3.6041780e+00
   3.7275645e+00
   3.5893059e+00
   3.8588974e+00
   3.3421268e+00
   4.0000000e+00
   3.1148239e+00
   3.5890606e+00
   3.5607928e+00
   3.0283216e+00
   3.1853322e+00
   3.0612789e+00
   3.4475664e+00
   2.7464262e+00
   3.1072773e+00
   3.3466401e+00
   4.8186629e+00
   4.0842198e+00
   3.9012193e+00
   3.3630856e+00
   3.9424430e+00
   4.3311223e+00
   3.0408475e+00
   3.6452895e+00
   2.5756837e+00
   3.4499912e+00
   3.7874566e+00
   4.0000000e+00
   3.7874566e+00
   3.0983867e+00
   3.4038518e+00
   3.6388706e+00
   2.8965918e+00
   3.3123147e+00
   3.1712999e+00
   3.2800336e+00
   3.4441354e+00
   2.8501012e+00
   3.9608473e+00
   3.7732331e+00
   3.9238025e+00
   3.9572180e+00
   3.3218192e+00
   3.9653673e+00
   3.8237010e+00
   3.4499912e+00
   3.6692526e+00
   3.6388706e+00
   3.5885998e+00
   3.5132403e+00
   3.1350553e+00
   3.1234752e+00
   3.7812527e+00
   3.4215957e+00
   3.2460107e+00
   3.5132403e+00
   2.9631888e+00
   3.0237158e+00
   2.5730701e+00
   3.8247315e+00
   3.4038518e+00
   4.0725135e+00
   2.5188941e+00
   4.0725135e+00
   3.4805582e+00
   3.5233213e+00
   3.8596051e+00
   4.5355737e+00
   4.2345052e+00
   3.0625660e+00
   3.8237010e+00
   3.9701859e+00
   3.2153478e+00
   3.9636906e+00
   3.7032804e+00
   2.7366698e+00
   3.5819253e+00
   3.7911583e+00
   3.3194680e+00
   3.8795422e+00
   3.3194680e+00
   3.7131165e+00
   3.1234752e+00
   3.1545554e+00
   2.5188941e+00
   3.2071349e+00
   2.1264381e+00
   3.7644958e+00
   4.0567404e+00
   3.1207580e+00
   3.4891135e+00
   3.0565147e+00
   4.0309363e+00
   3.9805981e+00
   3.2468533e+00
   3.8366652e+00
   3.8449967e+00
   3.5092174e+00
   3.9199919e+00
   3.9718637e+00
   4.0394098e+00
   3.9601980e+00
   4.1866562e+00
   3.6445876e+00
   2.1908902e+00
   3.3640858e+00
   3.9810874e+00
   4.1050047e+00
   3.7998716e+00
   3.8761308e+00
   3.7220503e+00
   3.4441354e+00
   3.6007662e+00
   3.5200423e+00
   3.5714486e+00
   3.6934562e+00
   3.6667940e+00
   3.4812084e+00
   4.0898989e+00
   3.9245215e+00
   4.0176601e+00
   3.9090790e+00
   2.9172998e+00
   3.3949114e+00
   4.2611387e+00
   3.2966535e+00
   2.3338399e+00
   3.5395341e+00
   3.5257296e+00
   3.8679502e+00
   2.2283441e+00
   3.6669890e+00
   3.6410360e+00
   3.4142558e+00
   2.9081167e+00
   2.5730701e+00
   3.1513544e+00
   3.3606722e+00
   3.0837370e+00
   3.2966535e+00
   3.8430757e+00
   3.1889640e+00
   4.2059649e+00
   3.6079009e+00
   4.2459591e+00
   3.7586779e+00
   4.2381911e+00
   2.8284271e+00
   2.6261287e+00
   3.3466401e+00
   3.6765801e+00
   3.3879582e+00
   3.3362306e+00
   3.7352376e+00
   3.8280812e+00
   3.4052174e+00
   2.3949633e+00
   3.6892262e+00
   3.6153039e+00
   4.2187383e+00
   3.3005480e+00
   3.5890606e+00
   3.3517223e+00
   3.2736801e+00
   3.1853322e+00
   4.3637431e+00
   3.6202739e+00
   4.0963994e+00
   4.0423292e+00
   3.9261475e+00
   3.1948234e+00
   3.8761308e+00
   2.7291530e+00
   2.9471536e+00
   2.8892605e+00
   2.6261287e+00
   4.2875376e+00
   3.2237437e+00
   3.7124356e+00
   3.6822985e+00
   3.8270294e+00
   4.2273076e+00
   3.9379807e+00
   3.3929626e+00
   3.6425668e+00
   4.1116494e+00
   4.7583095e+00
   3.2776298e+00
   4.5308169e+00
   4.8815763e+00
   3.6722901e+00
   3.8123944e+00
   3.7255225e+00
   3.7896498e+00
   4.0359827e+00
   3.5524243e+00
   3.8002051e+00
   3.9080337e+00
   3.8089992e+00
   3.4517957e+00
   4.0000000e+00
   3.7552224e+00
   2.6619005e+00
   3.4021270e+00
   3.5613097e+00
   4.0000000e+00
   4.1663522e+00
   3.4805582e+00
   3.8036936e+00
   3.6437063e+00
   4.0747728e+00
   3.1712999e+00
   3.8508789e+00
   3.7644958e+00
   3.5885998e+00
   4.2024252e+00
   3.8277520e+00
   3.9199919e+00
   3.6205571e+00
   3.8511635e+00
   4.4971901e+00
   2.2894059e+00
   4.0932526e+00
   3.3517223e+00
   3.2158146e+00
   3.4805582e+00
   3.9012193e+00
   3.4781548e+00
   2.5188941e+00
   2.3590713e+00
   2.9711254e+00
   3.6095112e+00
   3.9261475e+00
   2.8892605e+00
   3.7139068e+00
   4.3344354e+00
   4.0738524e+00
   3.7394108e+00
   4.0797421e+00
   3.6653942e+00
   3.8366652e+00
   3.4849072e+00
   4.2985900e+00
   3.7205775e+00
   4.0083946e+00
   3.8276105e+00
   3.6205571e+00
   4.2681222e+00
   3.5365297e+00
   3.6771085e+00
   3.5604667e+00
   3.6238206e+00
   3.7371248e+00
   3.9845857e+00
   3.3748823e+00
   4.1822871e+00
   4.2275691e+00
   3.6692526e+00
   3.0625660e+00
   3.8761308e+00
   3.9942155e+00
   3.6759495e+00
   3.5347393e+00
   3.2959305e+00
   4.0251311e+00
   3.7589720e+00
   2.8759670e+00
   4.0112202e+00
   4.0644164e+00
   3.2728985e+00
   3.9429900e+00
   3.4312658e+00
   3.7466967e+00
   2.9471536e+00
   3.2222630e+00
   4.1437582e+00
   3.5338088e+00
   3.5885998e+00
   4.2223893e+00
   3.4475664e+00
   2.7662563e+00
   2.7026557e+00
   3.3246707e+00
   4.0290913e+00
   3.8378343e+00
   3.2889058e+00
   3.6037499e+00
   3.5510800e+00
   3.9270455e+00
   3.8409955e+00
   3.6266434e+00
   3.6238206e+00
   3.1563055e+00
   4.2326697e+00
   4.2559614e+00
   3.1712999e+00
   3.3929626e+00
   4.0212203e+00
   3.6692526e+00
   3.5132403e+00
   4.2137985e+00
   3.7131165e+00
   3.0625660e+00
   3.9139684e+00
   3.7874566e+00
   3.4987089e+00
   3.5510800e+00
   3.7727664e+00
   3.4531910e+00
   3.1081148e+00
   3.6669890e+00
   3.0612789e+00
   2.6186147e+00
   3.8921634e+00
   3.6156840e+00
   2.6781363e+00
   3.0237158e+00
   4.0000000e+00
   2.9243331e+00
   2.7662563e+00
   4.2875376e+00
   3.7340135e+00
   4.5756060e+00
   3.5132403e+00
   3.5777088e+00
   3.3567254e+00
   2.9768336e+00
   3.2196579e+00
   3.5600783e+00
   3.0587468e+00
   3.2935479e+00
   4.4674260e+00
   3.1420281e+00
   3.5701208e+00
   3.6692526e+00
   3.5060923e+00
   4.1663522e+00
   4.2676417e+00
   3.2377089e+00
   4.3662146e+00
   3.7340135e+00
   2.9711254e+00
   3.2302914e+00
   3.8673663e+00
   3.4415339e+00
   4.2080714e+00
   3.4194017e+00
   3.6822985e+00
   4.2459591e+00
   4.1361446e+00
   3.1853322e+00
   3.3194680e+00
   2.8284271e+00
   4.0243163e+00
   4.0633285e+00
   3.5456210e+00
   3.7032804e+00
   2.8284271e+00
   2.5730701e+00
   3.3218192e+00
   3.4038518e+00
   3.5132403e+00
   4.1688500e+00
   3.5874176e+00
   3.8254603e+00
   3.4475664e+00
   4.2826935e+00
   3.4891135e+00
   3.3879582e+00
   3.0587468e+00
   3.6822985e+00
   3.4312658e+00
   3.1563055e+00
   3.2746609e+00
   3.2800336e+00
   2.9856801e+00
   3.7032804e+00
   3.6722901e+00
   4.2598523e+00
   2.3590713e+00
   3.8237010e+00
   3.5132403e+00
   3.4038518e+00
   2.6781363e+00
   3.8544964e+00
   3.3630856e+00
   2.3590713e+00
   3.9653673e+00
   3.0072376e+00
   3.3879582e+00
